0.51130
0.71283
0.84898
0.62484
0.83967
0.50425
0.39557
0.39134
0.33872
0.29388
0.36852
0.20812
0.36784
0.70499
0.48335
0.50667
0.41863
0.41472
0.80877
0.51310
0.37807
0.69337
0.69480
0.43597
0.90522
0.52411
0.45105
0.23898
0.57069
0.42610
0.42735
0.73879
0.71165
0.37204
0.48141
0.32267
0.69949
0.52233
0.60052
0.45552
0.55688
0.39401
0.55017
0.21042
0.48681
0.61745
0.74330
0.52056
1.0856
0.65600
1.1440
0.42633
0.64430
0.75717
0.65755
0.71828
0.79702
1.0331
0.26434
0.99591
0.52260
0.90580
0.31356
0.61679
0.61203
0.51059
0.86602
0.53206
0.93848
0.50079
0.40118
0.55659
0.42689
0.69785
0.92130
0.60099
0.44433
0.51927
0.38850
0.52056
0.75482
0.56346
0.47344
0.50092
0.49673
0.58402
0.74074
0.42542
0.60959
0.79218
0.44902
0.44737
0.34741
0.29070
0.57956
0.31504
0.80919
0.67028
0.57173
0.75442
