 1.1572
 1.6548
 1.9810
 1.5881
 1.6269
 1.1146
 1.0549
 1.2784
 1.0162
 0.96180
 1.0529
 0.93652
 1.2349
 1.2473
 1.0473
 1.2267
 1.1251
 1.3478
 1.5914
 1.2152
 1.2962
 1.8747
 1.2867
 0.98093
 1.5974
 1.2317
 0.95516
 1.1152
 1.3748
 1.1718
 1.4156
 1.5040
 1.6342
 1.1161
 1.0965
 0.94111
 1.5873
 1.2536
 1.4883
 1.2326
 1.6706
 1.2871
 1.2313
 0.84166
 1.2298
 1.3960
 1.5131
 1.1452
 2.0936
 1.4957
 1.7941
 1.2257
 1.3154
 1.6766
 1.7096
 1.2769
 1.6472
 1.9886
 0.81946
 1.6854
 1.5939
 1.8634
 0.96681
 1.5017
 1.0378
 1.6084
 1.7066
 1.2237
 1.6163
 1.2652
 1.0698
 1.3517
 1.1740
 1.6542
 1.9479
 1.4110
 1.0978
 1.0932
 0.90650
 1.4315
 1.4576
 1.1537
 1.4203
 1.0282
 1.3595
 1.3273
 1.5873
 1.0635
 1.3782
 1.7428
 1.2942
 1.1316
 0.93533
 1.2685
 1.3435
 0.91888
 1.8011
 1.2890
 1.5593
 1.5349
