0.40366
0.50916
0.56599
0.33845
0.47232
0.31847
0.23734
0.31307
0.33872
0.080150
0.23690
0.33819
0.26274
0.18980
0.21482
0.32000
0.18315
0.36288
0.52178
0.37807
0.18904
0.38521
0.41173
0.19074
0.61235
0.36688
0.18573
0.23898
0.38911
0.37284
0.26709
0.29024
0.28993
0.23917
0.29420
0.24200
0.26903
0.41786
0.41775
0.32154
0.45081
0.34148
0.31438
0.18411
0.51243
0.37584
0.47783
0.31234
0.46524
0.34112
0.46802
0.31974
0.45638
0.51379
0.47344
0.23943
0.55792
0.49070
0.23791
0.45965
0.33969
0.46584
0.18291
0.37544
0.45237
0.12765
0.48395
0.26603
0.65172
0.28993
0.26745
0.39756
0.32017
0.36185
0.39484
0.20904
0.20910
0.40995
0.051800
0.20822
0.31234
0.32197
0.23672
0.21091
0.33987
0.34510
0.31746
0.26589
0.45057
0.58093
0.29054
0.39474
0.13362
0.39641
0.42150
0.28879
0.46985
0.28358
0.28586
0.33819
