1.5339
1.7312
1.9810
1.6402
1.5482
1.4066
1.3977
1.4610
1.3288
1.5496
1.3951
1.2747
1.6027
1.7354
1.1815
1.4133
1.6484
1.6330
1.6436
1.1072
1.8093
2.1058
1.7241
1.6076
1.6507
1.5199
1.0878
1.5666
1.2970
1.1451
1.8429
1.5303
1.7396
1.3553
1.4175
1.4520
2.0178
1.8282
1.7232
1.5809
1.7502
1.4972
1.5195
1.6044
1.4860
1.6376
1.5928
1.8220
2.2486
2.0729
2.1581
1.6787
1.4765
1.6225
1.8148
1.8090
1.7800
2.2211
1.2953
1.8897
2.1949
1.8892
1.2281
1.4481
1.3039
2.0934
2.1141
1.8622
1.7987
1.5551
1.2570
1.4842
1.6275
1.8351
1.8952
1.8814
1.5944
0.68325
1.1655
1.7439
1.8220
1.5294
1.8148
1.4237
1.3595
1.8582
1.7989
1.3294
1.9083
1.6900
1.7169
1.4737
1.3095
1.2949
1.6070
1.2864
1.7750
1.8304
1.7931
1.6389