0.45748
0.53462
0.79753
0.49466
0.39360
0.58386
0.65928
0.31307
0.36477
0.53433
0.47381
0.23413
0.55176
0.40672
0.34909
0.45333
0.57561
0.54432
0.46961
0.32406
0.62112
0.74474
0.66907
0.59946
0.37274
0.31447
0.42452
0.37175
0.28534
0.34621
0.66774
0.42216
0.55351
0.50492
0.45467
0.53778
0.64568
0.54845
0.65274
0.58950
0.42429
0.39401
0.31438
0.49974
0.35870
0.34899
0.50438
0.57262
0.85293
0.57728
0.72803
0.50626
0.59060
0.24337
0.68385
0.53206
0.71732
0.77479
0.39651
0.63841
0.73164
0.67288
0.23517
0.53634
0.45237
0.76589
0.78961
0.55866
0.62565
0.44808
0.37443
0.42407
0.61366
0.54278
0.50013
0.54873
0.54888
0.21864
0.38850
0.49453
0.57262
0.53662
0.71015
0.50092
0.28758
0.45129
0.47619
0.39883
0.60959
0.55453
0.50185
0.36842
0.37413
0.39641
0.60590
0.23628
0.70478
0.69606
0.44179
0.52029