0.13455
0.28004
0.20581
0.20828
0.10496
0.079618
0.26371
0.18262
0.15633
0.26717
0.13161
0.026015
0.26274
0.16269
0.053706
0.16000
0.18315
0.25920
0.18262
0.13503
0.18904
0.35953
0.23160
0.32698
0.10650
0.15723
0.18573
0.18587
0.077821
0.026631
0.26709
0.13193
0.21086
0.13287
0.21396
0.29578
0.37665
0.28728
0.28721
0.16077
0.26518
0.13134
0.052397
0.13151
0.15373
0.10738
0.13273
0.20822
0.38770
0.18368
0.26001
0.18652
0.26846
0.081125
0.39453
0.26603
0.29224
0.38740
0.13217
0.28090
0.31356
0.31056
0.10452
0.26817
0.18627
0.30636
0.33113
0.23943
0.18248
0.13179
0.18722
0.10602
0.21345
0.23262
0.28955
0.15678
0.20910
0.054660
0.051800
0.20822
0.23425
0.26831
0.39453
0.13182
0.078431
0.18582
0.29101
0.15953
0.23854
0.29047
0.26413
0.078947
0.080171
0.21142
0.10537
0.15752
0.33934
0.30936
0.20790
0.26015