3.3100
4.2006
4.5794
3.8792
3.7523
3.2643
3.4810
3.3394
3.2830
3.3930
3.7378
3.4860
4.0462
3.8503
2.8195
3.6267
3.8462
3.4733
3.5481
2.8085
3.9427
4.6482
4.0659
3.5695
3.6741
3.7474
3.0777
3.6113
3.3204
3.3555
3.8996
3.8522
4.3753
3.6673
3.3164
3.3880
4.0893
4.2048
3.6815
3.5370
3.7656
3.3360
3.7464
3.4982
4.0994
3.4362
3.6634
4.3207
4.8333
4.5133
4.6802
3.9435
3.6779
3.6777
3.9190
4.0702
3.9851
4.8295
3.2514
4.0092
4.3376
4.7101
3.0834
3.3521
3.2198
4.5188
4.4320
4.3895
4.5099
3.2683
3.4501
3.6576
4.1889
4.1096
4.4222
4.5728
3.6853
2.6510
3.2375
4.1905
4.0344
3.6222
3.8401
4.0337
3.7386
4.1147
4.1534
3.3236
4.0286
4.1194
3.8299
3.5789
3.1801
3.6469
4.0306
3.2029
4.2809
4.4341
4.2879
3.6420