0.71058
1.1140
1.2336
0.74113
0.93284
0.69987
0.69537
0.66190
0.60734
0.40706
0.61399
0.55336
0.82777
0.57947
0.57065
0.75737
0.50545
0.71146
0.98143
0.76461
0.68757
1.2067
1.0212
0.63694
1.1099
0.93135
0.64378
0.72835
0.86728
0.94289
0.81633
0.88424
0.93884
0.75431
0.70537
0.46385
0.85118
0.77148
0.92986
0.57174
0.97166
0.77333
0.66507
0.45442
0.85826
0.76419
1.0521
0.76882
1.2163
0.96463
1.2490
0.70461
0.98093
1.0445
0.93758
0.51477
1.1902
1.0565
0.45528
0.93701
0.80150
1.1870
0.52910
1.0068
0.78188
0.54759
0.96279
0.62348
1.2477
0.85676
0.59588
0.94162
0.75943
0.84255
1.0732
0.93209
0.55777
0.77050
0.41929
0.79470
0.79533
0.79019
0.72328
0.56165
0.76862
0.70327
0.91595
0.59283
0.91867
1.1550
0.77936
0.80128
0.43325
0.69612
0.99063
0.58511
1.1959
0.78782
0.74094
0.79344