0.41748
0.53149
0.59315
0.35211
0.49073
0.32922
0.24590
0.32389
0.35022
0.082965
0.24610
0.35040
0.27382
0.19741
0.22106
0.33204
0.19048
0.37594
0.54098
0.38900
0.19680
0.40399
0.42918
0.19780
0.63571
0.38116
0.19162
0.24793
0.40247
0.38578
0.27793
0.30187
0.30320
0.24828
0.30429
0.25049
0.28050
0.43621
0.43372
0.33333
0.46845
0.35326
0.32662
0.19079
0.53433
0.38921
0.49600
0.32644
0.48886
0.35724
0.49100
0.33287
0.47380
0.53341
0.49275
0.24958
0.58107
0.51560
0.24590
0.47885
0.35509
0.48886
0.18873
0.38846
0.46742
0.13369
0.50640
0.27824
0.68250
0.29973
0.27701
0.41265
0.33417
0.37736
0.41311
0.21906
0.21710
0.42111
0.053533
0.21733
0.32547
0.33408
0.24617
0.21978
0.35307
0.35991
0.33122
0.27503
0.46948
0.60589
0.30211
0.40939
0.13801
0.41141
0.43920
0.29835
0.49086
0.29674
0.29867
0.35097