1.1625
1.6637
1.9969
1.5960
1.6333
1.1212
1.0619
1.2824
1.0199
0.96696
1.0579
0.93872
1.2417
1.2524
1.0509
1.2323
1.1316
1.3552
1.5990
1.2192
1.3043
1.8887
1.2953
0.98684
1.6034
1.2355
0.95923
1.1194
1.3788
1.1758
1.4251
1.5103
1.6433
1.1218
1.1016
0.94620
1.5976
1.2605
1.4980
1.2399
1.6778
1.2922
1.2352
0.84589
1.2343
1.4009
1.5208
1.1518
2.1116
1.5044
1.8072
1.2319
1.3233
1.6807
1.7214
1.2838
1.6591
2.0042
0.82272
1.6962
1.6057
1.8760
0.96909
1.5098
1.0425
1.6208
1.7202
1.2306
1.6264
1.2708
1.0738
1.3575
1.1812
1.6632
1.9577
1.4188
1.1038
1.0956
0.91004
1.4387
1.4660
1.1600
1.4305
1.0334
1.3634
1.3333
1.5949
1.0678
1.3867
1.7525
1.3008
1.1358
0.93884
1.2735
1.3517
0.92105
1.8139
1.2980
1.5662
1.5429