#  	Car Speed (KM/h)
---	----------------
001	127.6
002	124.4
003	113.1
004	123.2
005	119.9
006	111.7
007	118.0
008	117.2
009	105.6
010	109.4
011	118.5
012	123.8
013	110.8
014	123.5
015	113.1
016	130.7
017	125.1
018	121.0
019	135.0
020	116.9
021	117.3
022	116.0
023	123.1
024	134.1
025	114.5
026	120.9
027	124.6
028	131.6
029	137.6
030	121.1
031	131.2
032	139.3
033	114.7
034	131.2
035	114.6
036	127.3
037	132.8
038	122.3
039	120.7
040	119.8
041	119.9
042	141.5
043	117.9
044	118.2
045	119.7
046	112.3
047	120.2
048	121.5
049	116.0
050	110.6
051	130.4
052	123.0
053	116.4
054	129.4
055	121.0
056	134.0
057	129.0
058	129.3
059	123.7
060	127.1
061	118.3
062	145.6
063	121.3
064	113.3
065	129.9
066	131.6
067	125.1
068	124.3
069	114.6
070	121.7
071	134.9
072	118.6
073	125.3
074	119.8
075	109.0
076	117.3
077	128.1
078	120.3
079	125.2
080	117.0
081	123.2
082	127.3
083	124.6
084	113.2
085	132.4
086	111.8
087	134.4
088	111.5
089	115.9
090	140.0
091	108.7
092	118.5
093	106.4
094	128.3
095	112.4
096	131.0
097	106.4
098	116.8
099	142.4
100	130.9
101	117.7
102	117.3
103	114.3
104	137.8
105	113.8
106	120.1
107	117.7
108	114.7
109	145.1
110	128.1
111	133.3
112	127.0
113	126.8
114	125.3
115	128.1
116	120.6
117	125.4
118	124.9
119	099.7
120	133.2
121	127.1
122	123.7
123	125.0
124	124.9
125	111.2
126	108.5
127	123.8
128	131.3
129	115.5
130	117.7
131	096.8
132	130.1
133	131.9
134	129.5
135	109.4
136	112.0
137	108.7
138	125.5
139	125.2
140	118.0
141	127.8
142	114.8
143	128.8
144	105.0
145	129.7
146	114.2
147	118.4
148	124.4
149	131.6
150	116.4
151	116.1
152	123.7
153	134.8
154	114.9
155	117.1
156	128.2
157	110.8
158	118.6
159	134.0
160	113.9
161	120.6
162	129.3
163	129.2
164	105.6
165	124.4
166	129.7
167	123.9
168	124.6
169	127.4
170	122.0
171	119.3
172	121.8
173	111.5
174	131.5
175	121.6
176	125.6
177	115.7
178	108.6
179	133.1
180	110.0
181	112.7
182	132.7
183	108.8
184	123.4
185	124.0
186	128.1
187	133.5
188	123.7
189	117.0
190	132.4
191	131.1
192	124.9
193	118.2
194	121.1
195	118.8
196	134.0
197	116.0
198	124.2
199	104.5
200	112.7
201	120.1
202	123.6
203	128.4
204	127.3
205	113.5
206	130.6
207	124.7
208	111.3
209	119.6
210	119.2
211	126.9
212	128.1
213	117.2
214	135.6
215	132.3
216	127.6
217	127.6
218	121.7
219	121.0
220	136.1
221	131.8
222	110.0
223	135.9
224	124.2
225	122.7
226	117.7
227	132.5
228	124.2
229	130.5
230	122.4
231	113.2
232	114.7
233	123.6
234	124.5
235	128.0
236	120.6
237	121.4
238	137.1
239	111.0
240	126.9
241	126.7
242	118.0
243	115.6
244	127.9
245	121.8
246	119.6
247	125.8
248	116.7
249	127.3
250	112.6
251	112.5
252	125.9
253	110.7
254	125.6
255	136.2
256	134.1
257	137.1
258	112.6
259	114.5
260	122.3
261	117.5
262	124.7
263	104.5
264	114.4
265	120.8
266	126.9
267	122.0
268	129.4
269	138.7
270	112.9
271	119.7
272	115.0
273	130.7
274	118.6
275	132.2
276	140.6
277	117.0
278	127.5
279	126.7
280	134.9
281	128.2
282	129.3
283	120.3
284	126.4
285	117.1
286	127.7
287	133.3
288	115.9
289	117.2
290	121.6
291	123.2
292	128.5
293	119.1
294	120.8
295	126.2
296	123.4
297	114.4
298	125.2
299	120.8
300	121.7
301	127.9
302	121.9
303	121.2
304	124.3
305	121.8
306	130.0
307	117.2
308	120.1
309	126.2
310	130.0
311	122.3
312	117.3
313	125.4
314	119.6
315	112.0
316	114.6
317	121.2
318	127.1
319	118.8
320	132.2
321	118.7
322	129.4
323	115.5
324	108.5
325	119.7
326	122.6
327	134.5
328	111.5
329	118.5
330	122.5
331	120.0
332	123.3
333	142.1
334	125.1
335	135.5
336	118.3
337	122.8
338	114.1
339	123.4
340	123.0
341	124.8
342	114.7
343	113.0
344	124.1
345	129.6
346	116.9
347	107.2
348	126.3
349	120.4
350	121.9
351	121.7
352	117.6
353	124.5
354	135.9
355	121.5
356	129.8
357	128.2
358	115.1
359	133.0
360	124.6
361	138.3
362	126.1
363	118.7
364	128.8
365	118.5
366	133.6
367	128.5
368	113.2
369	124.4
370	102.4
371	119.7
372	122.5
373	130.2
374	126.9
375	126.5
376	116.8
377	107.2
378	118.9
379	123.3
380	129.8
381	118.4
382	113.6
383	119.9
384	129.5
385	122.0
386	120.9
387	132.0
388	128.6
389	116.7
390	120.9
391	120.9
392	127.0
393	119.3
394	114.7
395	118.7
396	108.4
397	114.9
398	108.4
399	112.8
400	123.5
401	129.8
402	121.6
403	124.2
404	119.2
405	117.0
406	125.8
407	115.4
408	119.3
409	119.2
410	113.8
411	125.7
412	137.5
413	110.2
414	105.0
415	119.5
416	126.3
417	139.9
418	117.8
419	132.9
420	117.5
421	138.6
422	130.9
423	124.6
424	135.5
425	119.6
426	124.7
427	136.5
428	126.0
429	130.3
430	117.4
431	121.8
432	121.7
433	118.3
434	104.9
435	120.4
436	127.8
437	112.9
438	124.9
439	124.8
440	108.2
441	127.7
442	128.9
443	114.7
444	109.1
445	109.3
446	121.1
447	116.3
448	120.2
449	110.1
450	124.1
451	127.9
452	126.3
453	120.1
454	124.2
455	134.6
456	122.0
457	120.6
458	122.1
459	124.8
460	123.2
461	118.9
462	129.1
463	113.1
464	125.1
465	121.8
466	119.4
467	111.7
468	126.5
469	121.3
470	132.8
471	108.7
472	136.9
473	121.9
474	119.2
475	128.4
476	131.9
477	120.9
478	113.9
479	128.0
480	134.8
481	118.2
482	124.1
483	125.7
484	113.9
485	116.0
486	121.8
487	108.4
488	125.8
489	117.7
490	121.0
491	122.1
492	109.6
493	115.8
494	117.9
495	127.1
496	132.3
497	126.4
498	127.3
499	118.2
500	123.5
501	113.9
502	120.5
503	115.9
504	118.8
505	117.3
506	122.8
507	124.4
508	131.1
509	116.0
510	128.2
511	119.1
512	119.3
513	112.4
514	131.6
515	123.4
516	113.4
517	129.6
518	133.1
519	117.8
520	130.6
521	104.8
522	126.4
523	123.4
524	129.3
525	099.4
526	120.2
527	133.1
528	123.2
529	117.9
530	122.1
531	112.5
532	111.6
533	133.3
534	121.2
535	131.2
536	124.6
537	122.7
538	110.6
539	121.3
540	136.0
541	122.8
542	130.2
543	124.8
544	125.4
545	123.4
546	114.2
547	123.8
548	126.5
549	104.0
550	105.8
551	107.5
552	122.3
553	114.2
554	116.0
555	132.7
556	128.1
557	115.7
558	122.2
559	127.5
560	111.6
561	127.1
562	130.6
563	108.6
564	113.2
565	124.8
566	129.8
567	109.6
568	130.7
569	123.6
570	125.1
571	115.2
572	124.1
573	139.5
574	119.4
575	121.7
576	128.4
577	136.5
578	112.3
579	129.7
580	106.2
581	130.5
582	124.7
583	121.6
584	117.7
585	126.4
586	116.1
587	122.4
588	118.1
589	118.5
590	127.9
591	133.6
592	123.3
593	120.6
594	128.5
595	127.2
596	125.7
597	120.9
598	132.6
599	133.9
600	141.2
601	129.4
602	127.1
603	123.5
604	106.9
605	111.0
606	120.7
607	117.0
608	110.7
609	123.6
610	135.5
611	113.7
612	113.0
613	105.7
614	131.4
615	121.3
616	121.7
617	116.5
618	119.2
619	108.4
620	127.1
621	121.0
622	104.1
623	119.4
624	123.3
625	107.0
626	133.6
627	129.0
628	121.2
629	099.4
630	123.6
631	120.8
632	118.8
633	115.6
634	139.5
635	106.2
636	112.9
637	113.6
638	115.0
639	127.6
640	119.5
641	120.1
642	119.9
643	132.2
644	115.6
645	129.7
646	118.2
647	122.4
648	103.4
649	122.8
650	117.0
651	116.1
652	115.9
653	112.8
654	112.4
655	115.5
656	112.6
657	126.2
658	120.2
659	115.1
660	107.7
661	107.1
662	120.5
663	115.5
664	120.0
665	126.8
666	112.6
667	138.0
668	103.9
669	131.1
670	117.2
671	115.8
672	102.7
673	128.0
674	107.9
675	105.9
676	122.5
677	124.0
678	132.7
679	120.9
680	114.9
681	116.8
682	117.5
683	121.1
684	107.6
685	124.5
686	117.0
687	138.0
688	118.0
689	117.8
690	116.0
691	121.6
692	123.0
693	115.1
694	114.4
695	131.4
696	108.5
697	113.6
698	126.8
699	112.1
700	105.2
701	124.9
702	106.4
703	110.2
704	127.2
705	111.3
706	127.6
707	115.3
708	112.6
709	129.1
710	118.8
711	118.6
712	129.2
713	117.2
714	125.2
715	115.5
716	128.2
717	109.9
718	104.8
719	121.0
720	126.5
721	128.0
722	127.8
723	109.8
724	117.4
725	112.4
726	131.9
727	111.8
728	117.2
729	119.3
730	108.9
731	116.0
732	116.9
733	124.6
734	119.9
735	117.3
736	111.8
737	111.2
738	114.6
739	126.1
740	138.7
741	132.1
742	118.8
743	123.3
744	113.7
745	117.2
746	133.8
747	100.1
748	116.4
749	120.6
750	118.5
751	122.4
752	114.6
753	104.8
754	129.9
755	127.1
756	115.4
757	124.9
758	126.6
759	118.4
760	126.6
761	124.4
762	120.8
763	125.3
764	101.3
765	127.2
766	115.1
767	114.2
768	137.8
769	127.3
770	110.8
771	105.4
772	125.2
773	116.1
774	118.7
775	113.8
776	112.8
777	127.0
778	123.7
779	110.2
780	115.3
781	132.5
782	116.4
783	111.6
784	116.3
785	123.2
786	117.2
787	105.2
788	118.5
789	125.0
790	119.2
791	134.5
792	131.4
793	139.4
794	116.8
795	123.3
796	113.7
797	107.1
798	124.5
799	126.7
800	119.7
---------
